warning: No library characterized for (process = 1.00 voltage = 0.85 temperature = -40.00) can be found in the database for power domain '/PD_TOP'  [NL-174]
Report Power (instances with prefix '*' are included in total) : 
-----+----------+--------------------+---------------------+-------------------+-----------------
     | Instance | Internal Power(uw) | Switching Power(uw) | Leakage Power(uw) | Total Power(uw) 
-----+----------+--------------------+---------------------+-------------------+-----------------
1    |*sub1_i_17|            0.339100|             3.852713|           0.002775|         4.194588
2    |*sub1_i_18|            0.340485|             7.605330|           0.002775|         7.948590
3    |*sub1_i_19|            0.341791|             5.887071|           0.002775|         6.231637
4    |*sub1_i_20|            0.341535|             5.693367|           0.002775|         6.037677
5    |*sub1_i_21|            0.341535|             5.693367|           0.002775|         6.037677
6    |*sub1_i_22|            0.341535|             5.693367|           0.002775|         6.037677
7    |*sub1_i_23|            0.341535|             5.693367|           0.002775|         6.037677
8    |*sub1_i_24|            0.341535|             5.693367|           0.002775|         6.037677
9    |*sub1_i_25|            0.341535|             5.693367|           0.002775|         6.037677
10   |*sub1_i_26|            0.341535|             5.693367|           0.002775|         6.037677
11   |*sub1_i_27|            0.341535|             5.693367|           0.002775|         6.037677
12   |*sub1_i_28|            0.341535|             5.693367|           0.002775|         6.037677
13   |*sub1_i_29|            0.341535|             5.693367|           0.002775|         6.037677
14   |*sub1_i_30|            0.341535|             5.693367|           0.002775|         6.037677
15   |*sub1_i_31|            0.341017|             5.301938|           0.002775|         5.645730
16   |*sub1_i_32|            0.337634|             8.465148|           0.002775|         8.805557
17   |*sub3_i_17|            0.340227|             1.919708|           0.002775|         2.262710
18   |*sub3_i_18|            0.339094|             2.914965|           0.002775|         3.256835
19   |*sub3_i_19|            0.339076|             2.931638|           0.002775|         3.273489
20   |*sub3_i_20|            0.339119|             2.893466|           0.002775|         3.235360
21   |*sub3_i_21|            0.339076|             2.931638|           0.002775|         3.273489
22   |*sub3_i_22|            0.339119|             2.893466|           0.002775|         3.235360
23   |*sub3_i_23|            0.339076|             2.931638|           0.002775|         3.273489
24   |*sub3_i_24|            0.339119|             2.893466|           0.002775|         3.235360
25   |*sub3_i_25|            0.339076|             2.931638|           0.002775|         3.273489
26   |*sub3_i_26|            0.339119|             2.893466|           0.002775|         3.235360
27   |*sub3_i_27|            0.339076|             2.931638|           0.002775|         3.273489
28   |*sub3_i_28|            0.339119|             2.893466|           0.002775|         3.235360
29   |*sub3_i_29|            0.339076|             2.931638|           0.002775|         3.273489
30   |*sub3_i_30|            0.339119|             2.893466|           0.002775|         3.235360
31   |*sub3_i_31|            0.339312|             2.723540|           0.002775|         3.065628
32   |*sub3_i_32|            0.336303|             1.492517|           0.002775|         1.831596
33   |*fixedDiv |         1838.190063|          6025.125488|          17.254868|      7880.570312
34   |*mul      |          675.921509|          1350.381592|           6.058721|      2032.361816
35   |*i_0_0_0  |            0.000916|             0.005647|           0.005475|         0.012038
36   |*i_0_0_1  |            0.000969|             0.001863|           0.007124|         0.009957
37   |*i_0_0_2  |            0.771740|             0.653456|           0.013242|         1.438438
38   |*i_0_0_3  |            0.809360|             0.658684|           0.013242|         1.481285
39   |*i_0_0_4  |            0.002045|             0.003119|           0.005333|         0.010498
40   |*i_0_0_5  |            0.002055|             0.003462|           0.005012|         0.010530
41   |*i_0_0_6  |            0.212002|             0.651123|           0.002775|         0.865901
42   |*i_0_0_7  |            0.715712|             3.582466|           0.013242|         4.311419
43   |*i_0_0_8  |            0.335032|             4.475018|           0.002775|         4.812826
44   |*i_0_0_9  |            0.643895|             5.429889|           0.005333|         6.079117
45   |*i_0_0_10 |            0.993856|             4.560704|           0.007821|         5.562381
46   |*i_0_0_11 |            1.127578|             4.497895|           0.007821|         5.633295
47   |*i_0_0_12 |            0.624698|             0.878403|           0.006839|         1.509941
48   |*i_0_0_13 |            1.112092|             4.503070|           0.008181|         5.623343
49   |*i_0_0_14 |            0.626225|             0.956390|           0.006839|         1.589454
50   |*i_0_0_15 |            1.058886|             4.664144|           0.007821|         5.730852
51   |*i_0_0_16 |            0.624698|             0.878403|           0.006839|         1.509941
52   |*i_0_0_17 |            1.082098|             4.470932|           0.008181|         5.561212
53   |*i_0_0_18 |            0.626225|             0.956390|           0.006839|         1.589454
54   |*i_0_0_19 |            1.038432|             4.671706|           0.007821|         5.717958
55   |*i_0_0_20 |            0.624698|             0.878403|           0.006839|         1.509941
56   |*i_0_0_21 |            1.072182|             4.536919|           0.008181|         5.617282
57   |*i_0_0_22 |            0.626225|             0.956390|           0.006839|         1.589454
58   |*i_0_0_23 |            1.031819|             4.585528|           0.007821|         5.625168
59   |*i_0_0_24 |            0.624698|             0.878403|           0.006839|         1.509941
60   |*i_0_0_25 |            1.069171|             4.510623|           0.008181|         5.587976
61   |*i_0_0_26 |            0.626225|             0.956390|           0.006839|         1.589454
62   |*i_0_0_27 |            1.029650|             4.510557|           0.007821|         5.548028
63   |*i_0_0_28 |            0.624698|             0.878403|           0.006839|         1.509941
64   |*i_0_0_29 |            1.067647|             4.670842|           0.008181|         5.746671
65   |*i_0_0_30 |            0.626225|             0.956390|           0.006839|         1.589454
66   |*i_0_0_31 |            1.029118|             4.595454|           0.007821|         5.632393
67   |*i_0_0_32 |            0.624698|             0.878403|           0.006839|         1.509941
68   |*i_0_0_33 |            1.068037|             4.461694|           0.008181|         5.537912
69   |*i_0_0_34 |            0.626225|             0.956390|           0.006839|         1.589454
70   |*i_0_0_35 |            1.029031|             4.679081|           0.007821|         5.715933
71   |*i_0_0_36 |            0.624698|             0.878403|           0.006839|         1.509941
72   |*i_0_0_37 |            1.077864|             4.528341|           0.008181|         5.614387
73   |*i_0_0_38 |            0.332150|             1.921438|           0.002775|         2.256363
74   |*i_0_0_39 |            0.868742|             6.415185|           0.008128|         7.292055
75   |*i_0_0_40 |            0.667755|             1.905282|           0.005333|         2.578371
76   |*i_0_0_41 |            0.853361|             1.842687|           0.008128|         2.704176
77   |*i_0_0_42 |            0.667999|             1.905799|           0.005333|         2.579132
78   |*i_0_0_43 |            0.853644|             1.843572|           0.008128|         2.705343
79   |*i_0_0_44 |            0.668762|             1.907411|           0.005333|         2.581506
80   |*i_0_0_45 |            0.854498|             1.846298|           0.008128|         2.708924
81   |*i_0_0_46 |            0.671083|             1.912280|           0.005333|         2.588696
82   |*i_0_0_47 |            0.856797|             1.854231|           0.008128|         2.719156
83   |*i_0_0_48 |            0.677540|             1.925432|           0.005333|         2.608305
84   |*i_0_0_49 |            0.860049|             1.872467|           0.008128|         2.740644
85   |*i_0_0_50 |            0.689217|             1.944656|           0.005333|         2.639206
86   |*i_0_0_51 |            0.829482|             1.861810|           0.008128|         2.699420
87   |*i_0_0_52 |            0.674642|             1.798438|           0.008593|         2.481673
88   |*i_0_0_53 |            0.786012|             1.935001|           0.008593|         2.729606
89   |*i_0_0_54 |            0.364076|             2.102624|           0.003931|         2.470631
90   |*i_0_0_55 |            0.254685|             0.742491|           0.002775|         0.999952
91   |*i_0_0_56 |            0.366936|             4.859310|           0.005012|         5.231258
92   |*i_0_0_57 |            0.385827|             1.424208|           0.005012|         1.815047
93   |*i_0_0_58 |            0.363819|             0.736263|           0.003931|         1.104013
94   |*i_0_0_59 |            0.254685|             0.742491|           0.002775|         0.999951
95   |*i_0_0_60 |            0.366936|             4.859309|           0.005012|         5.231257
96   |*i_0_0_61 |            0.385827|             1.424208|           0.005012|         1.815047
97   |*i_0_0_62 |            0.363819|             0.736263|           0.003931|         1.104013
98   |*i_0_0_63 |            0.254685|             0.742491|           0.002775|         0.999951
99   |*i_0_0_64 |            0.366936|             4.859309|           0.005012|         5.231257
100  |*i_0_0_65 |            0.385827|             1.424208|           0.005012|         1.815047
101  |*i_0_0_66 |            0.363819|             0.736263|           0.003931|         1.104013
102  |*i_0_0_67 |            0.254685|             0.742491|           0.002775|         0.999951
103  |*i_0_0_68 |            0.366936|             4.859309|           0.005012|         5.231257
104  |*i_0_0_69 |            0.385827|             1.424208|           0.005012|         1.815047
105  |*i_0_0_70 |            0.363819|             0.736263|           0.003931|         1.104013
106  |*i_0_0_71 |            0.254685|             0.742491|           0.002775|         0.999951
107  |*i_0_0_72 |            0.366936|             4.859309|           0.005012|         5.231257
108  |*i_0_0_73 |            0.385827|             1.424208|           0.005012|         1.815047
109  |*i_0_0_74 |            0.363819|             0.736263|           0.003931|         1.104013
110  |*i_0_0_75 |            0.254685|             0.742491|           0.002775|         0.999951
111  |*i_0_0_76 |            0.366936|             4.859309|           0.005012|         5.231257
112  |*i_0_0_77 |            0.385827|             1.424208|           0.005012|         1.815047
113  |*i_0_0_78 |            0.363819|             0.736263|           0.003931|         1.104013
114  |*i_0_0_79 |            0.254685|             0.742491|           0.002775|         0.999951
115  |*i_0_0_80 |            0.366936|             4.859309|           0.005012|         5.231257
116  |*i_0_0_81 |            0.497680|             0.817482|           0.003931|         1.319093
117  |*i_0_0_82 |            0.364738|             1.418801|           0.003931|         1.787471
118  |*i_0_0_83 |            0.719995|             1.415994|           0.004361|         2.140351
119  |*i_0_0_84 |            0.122959|            43.398430|           0.002775|        43.524162
120  |*i_0_0_85 |            0.634984|             5.429889|           0.006839|         6.071712
121  |*i_0_0_86 |            1.243297|             4.001967|           0.007821|         5.253085
122  |*i_0_0_87 |            1.028722|             3.113583|           0.007821|         4.150127
123  |*i_0_0_88 |            0.627746|             0.878403|           0.006839|         1.512988
124  |*i_0_0_89 |            1.073765|             3.035259|           0.008181|         4.117206
125  |*i_0_0_90 |            0.629247|             0.956390|           0.006839|         1.592476
126  |*i_0_0_91 |            1.067894|             4.706548|           0.008181|         5.782622
127  |*i_0_0_92 |            0.629247|             0.956390|           0.006839|         1.592476
128  |*i_0_0_93 |            1.071150|             3.692672|           0.008181|         4.772004
129  |*i_0_0_94 |            0.629247|             0.956390|           0.006839|         1.592476
130  |*i_0_0_95 |            1.054788|             8.372142|           0.008181|         9.435110
131  |*i_0_0_96 |            0.629247|             0.956390|           0.006839|         1.592476
132  |*i_0_0_97 |            1.072155|             3.334880|           0.008181|         4.415216
133  |*i_0_0_98 |            0.629247|             0.956390|           0.006839|         1.592476
134  |*i_0_0_99 |            1.068030|             4.512866|           0.008181|         5.589077
135  |*i_0_0_100|            0.629247|             0.956390|           0.006839|         1.592476
136  |*i_0_0_101|            1.071386|             3.535679|           0.008181|         4.615246
137  |*i_0_0_102|            0.629247|             0.956390|           0.006839|         1.592476
138  |*i_0_0_103|            1.070102|             3.902110|           0.008181|         4.980394
139  |*i_0_0_104|            0.629247|             0.956390|           0.006839|         1.592476
140  |*i_0_0_105|            1.054859|             8.304941|           0.008181|         9.367981
141  |*i_0_0_106|            0.629247|             0.956390|           0.006839|         1.592476
142  |*i_0_0_107|            1.064312|             5.571831|           0.008181|         6.644324
143  |*i_0_0_108|            0.629247|             0.956390|           0.006839|         1.592476
144  |*i_0_0_109|            1.067407|             4.676450|           0.008181|         5.752038
145  |*i_0_0_110|            0.629247|             0.956390|           0.006839|         1.592476
146  |*i_0_0_111|            1.070695|             3.725899|           0.008181|         4.804774
147  |*i_0_0_112|            0.627971|             0.956390|           0.006839|         1.591200
148  |*i_0_0_113|            1.054971|            23.983662|           0.007821|        25.046455
149  |*i_0_0_114|            0.333253|             1.375246|           0.002775|         1.711275
150  |*i_0_0_115|            0.655048|             5.927020|           0.006839|         6.588907
151  |*i_0_0_116|            0.502558|             0.954908|           0.005012|         1.462479
152  |*i_0_0_117|            0.638747|             1.826115|           0.006839|         2.471702
153  |*i_0_0_118|            0.502557|             0.954907|           0.005012|         1.462476
154  |*i_0_0_119|            0.638749|             1.826120|           0.006839|         2.471707
155  |*i_0_0_120|            0.502556|             0.954904|           0.005012|         1.462472
156  |*i_0_0_121|            0.638751|             1.826127|           0.006839|         2.471717
157  |*i_0_0_122|            0.502553|             0.954899|           0.005012|         1.462464
158  |*i_0_0_123|            0.638755|             1.826140|           0.006839|         2.471734
159  |*i_0_0_124|            0.502549|             0.954889|           0.005012|         1.462451
160  |*i_0_0_125|            0.638762|             1.826164|           0.006839|         2.471765
161  |*i_0_0_126|            0.502541|             0.954873|           0.005012|         1.462427
162  |*i_0_0_127|            0.638775|             1.826205|           0.006839|         2.471819
163  |*i_0_0_128|            0.502527|             0.954844|           0.005012|         1.462384
164  |*i_0_0_129|            0.638797|             1.826279|           0.006839|         2.471916
165  |*i_0_0_130|            0.502503|             0.954792|           0.005012|         1.462307
166  |*i_0_0_131|            0.638837|             1.826411|           0.006839|         2.472087
167  |*i_0_0_132|            0.502459|             0.954700|           0.005012|         1.462171
168  |*i_0_0_133|            0.638908|             1.826644|           0.006839|         2.472391
169  |*i_0_0_134|            0.502381|             0.954535|           0.005012|         1.461929
170  |*i_0_0_135|            0.639033|             1.827056|           0.006839|         2.472929
171  |*i_0_0_136|            0.502241|             0.954241|           0.005012|         1.461495
172  |*i_0_0_137|            0.639253|             1.827784|           0.006839|         2.473876
173  |*i_0_0_138|            0.501530|             0.953713|           0.005012|         1.460255
174  |*i_0_0_139|            0.854405|             1.848544|           0.008128|         2.711077
175  |*i_0_0_140|            0.789749|             1.927804|           0.008593|         2.726145
176  |*i_0_0_141|            0.385415|             2.187148|           0.005012|         2.577575
177  |*i_0_0_142|            0.785768|             1.817327|           0.008593|         2.611688
178  |*i_0_0_143|            0.254685|             0.742491|           0.002775|         0.999951
179  |*i_0_0_144|            0.368707|             4.859309|           0.005012|         5.233028
180  |*i_0_0_145|            0.388748|             1.391969|           0.005012|         1.785730
181  |*i_0_0_146|            0.388748|             1.391969|           0.005012|         1.785730
182  |*i_0_0_147|            0.388748|             1.391969|           0.005012|         1.785730
183  |*i_0_0_148|            0.388748|             1.391969|           0.005012|         1.785730
184  |*i_0_0_149|            0.388748|             1.391969|           0.005012|         1.785730
185  |*i_0_0_150|            0.388748|             1.391969|           0.005012|         1.785730
186  |*i_0_0_151|            0.388748|             1.391969|           0.005012|         1.785730
187  |*i_0_0_152|            0.388748|             1.391969|           0.005012|         1.785730
188  |*i_0_0_153|            0.388748|             1.391969|           0.005012|         1.785730
189  |*i_0_0_154|            0.388748|             1.391969|           0.005012|         1.785730
190  |*i_0_0_155|            0.388748|             1.391969|           0.005012|         1.785730
191  |*i_0_0_156|            0.376319|             1.391969|           0.005012|         1.773300
192  |*i_0_0_157|            0.791073|             0.880363|           0.008128|         1.679564
193  |*i_0_0_158|            0.335825|             4.797605|           0.002775|         5.136205
194  |*i_0_0_159|            0.634971|             5.429889|           0.006839|         6.071700
195  |*i_0_0_160|            1.244319|             3.347150|           0.007821|         4.599290
196  |*i_0_0_161|            1.030691|             2.500006|           0.007821|         3.538518
197  |*i_0_0_162|            0.628181|             0.878403|           0.006839|         1.513423
198  |*i_0_0_163|            1.076502|             2.467914|           0.008181|         3.552598
199  |*i_0_0_164|            0.629611|             0.956390|           0.006839|         1.592840
200  |*i_0_0_165|            1.028342|             3.773387|           0.007821|         4.809549
201  |*i_0_0_166|            0.628181|             0.878403|           0.006839|         1.513423
202  |*i_0_0_167|            1.074008|             2.824472|           0.008181|         3.906662
203  |*i_0_0_168|            0.629611|             0.956390|           0.006839|         1.592840
204  |*i_0_0_169|            1.032970|             7.338083|           0.007821|         8.378874
205  |*i_0_0_170|            0.628181|             0.878403|           0.006839|         1.513423
206  |*i_0_0_171|            1.075510|             2.467860|           0.008181|         3.551550
207  |*i_0_0_172|            0.629611|             0.956390|           0.006839|         1.592840
208  |*i_0_0_173|            1.027243|             3.450776|           0.007821|         4.485840
209  |*i_0_0_174|            0.628181|             0.878403|           0.006839|         1.513423
210  |*i_0_0_175|            1.074711|             2.615960|           0.008181|         3.698853
211  |*i_0_0_176|            0.629611|             0.956390|           0.006839|         1.592840
212  |*i_0_0_177|            1.026386|             2.887345|           0.007821|         3.921552
213  |*i_0_0_178|            0.628181|             0.878403|           0.006839|         1.513423
214  |*i_0_0_179|            1.058270|             7.338619|           0.008181|         8.405070
215  |*i_0_0_180|            0.629611|             0.956390|           0.006839|         1.592840
216  |*i_0_0_181|            1.028898|             4.648090|           0.007821|         5.684810
217  |*i_0_0_182|            0.628181|             0.878403|           0.006839|         1.513423
218  |*i_0_0_183|            1.070293|             3.745454|           0.008181|         4.823928
219  |*i_0_0_184|            0.629611|             0.956390|           0.006839|         1.592840
220  |*i_0_0_185|            1.026375|             2.893665|           0.007821|         3.927860
221  |*i_0_0_186|            0.626917|             0.878403|           0.006839|         1.512159
222  |*i_0_0_187|            1.055423|            24.325121|           0.007821|        25.388367
223  |*i_0_0_188|            0.332703|             1.375577|           0.002775|         1.711056
224  |*i_0_0_189|            0.867500|             5.944040|           0.008128|         6.819667
225  |*i_0_0_190|            0.667645|             1.905048|           0.005333|         2.578026
226  |*i_0_0_191|            0.854124|             1.842284|           0.008128|         2.704536
227  |*i_0_0_192|            0.667650|             1.905060|           0.005333|         2.578043
228  |*i_0_0_193|            0.854131|             1.842304|           0.008128|         2.704564
229  |*i_0_0_194|            0.667668|             1.905098|           0.005333|         2.578099
230  |*i_0_0_195|            0.854153|             1.842370|           0.008128|         2.704650
231  |*i_0_0_196|            0.667725|             1.905219|           0.005333|         2.578277
232  |*i_0_0_197|            0.854220|             1.842578|           0.008128|         2.704925
233  |*i_0_0_198|            0.667905|             1.905599|           0.005333|         2.578837
234  |*i_0_0_199|            0.854430|             1.843229|           0.008128|         2.705787
235  |*i_0_0_200|            0.668467|             1.906788|           0.005333|         2.580589
236  |*i_0_0_201|            0.854508|             1.845250|           0.008128|         2.707886
237  |*i_0_0_202|            0.784431|             1.927804|           0.008593|         2.720828
238  |*i_0_0_203|            0.385609|             2.187148|           0.005012|         2.577769
239  |*i_0_0_204|            0.779382|             1.817327|           0.008593|         2.605301
240  |*i_0_0_205|            0.254685|             0.742491|           0.002775|         0.999951
241  |*i_0_0_206|            0.368960|             4.859309|           0.005012|         5.233282
242  |*i_0_0_207|            0.388997|             1.424208|           0.005012|         1.818217
243  |*i_0_0_208|            0.367615|             0.736263|           0.003931|         1.107808
244  |*i_0_0_209|            0.254685|             0.742491|           0.002775|         0.999951
245  |*i_0_0_210|            0.368960|             4.859309|           0.005012|         5.233282
246  |*i_0_0_211|            0.388997|             1.424208|           0.005012|         1.818217
247  |*i_0_0_212|            0.367615|             0.736263|           0.003931|         1.107808
248  |*i_0_0_213|            0.254685|             0.742491|           0.002775|         0.999951
249  |*i_0_0_214|            0.368960|             4.859309|           0.005012|         5.233282
250  |*i_0_0_215|            0.388997|             1.424208|           0.005012|         1.818217
251  |*i_0_0_216|            0.367615|             0.736263|           0.003931|         1.107808
252  |*i_0_0_217|            0.254685|             0.742491|           0.002775|         0.999951
253  |*i_0_0_218|            0.368960|             4.859309|           0.005012|         5.233282
254  |*i_0_0_219|            0.388997|             1.424208|           0.005012|         1.818217
255  |*i_0_0_220|            0.367615|             0.736263|           0.003931|         1.107808
256  |*i_0_0_221|            0.254685|             0.742491|           0.002775|         0.999951
257  |*i_0_0_222|            0.368960|             4.859309|           0.005012|         5.233282
258  |*i_0_0_223|            0.388997|             1.424208|           0.005012|         1.818217
259  |*i_0_0_224|            0.367615|             0.736263|           0.003931|         1.107808
260  |*i_0_0_225|            0.254685|             0.742491|           0.002775|         0.999951
261  |*i_0_0_226|            0.368960|             4.859309|           0.005012|         5.233282
262  |*i_0_0_227|            0.388997|             1.424208|           0.005012|         1.818217
263  |*i_0_0_228|            0.367615|             0.736263|           0.003931|         1.107808
264  |*i_0_0_229|            0.254685|             0.742491|           0.002775|         0.999951
265  |*i_0_0_230|            0.385255|             4.859309|           0.005012|         5.249576
266  |*i_0_0_231|            0.782568|             0.880363|           0.008128|         1.671058
267  |*i_0_0_232|            0.295397|            14.702258|           0.002775|        15.000430
268  |*i_0_0_233|            0.634984|             5.429889|           0.006839|         6.071712
269  |*i_0_0_234|            1.206693|            27.442530|           0.007821|        28.657043
270  |*i_0_0_235|            1.053955|            26.928835|           0.007821|        27.990612
271  |*i_0_0_236|            0.627746|             0.878403|           0.006839|         1.512988
272  |*i_0_0_237|            1.033667|            14.921001|           0.008181|        15.962849
273  |*i_0_0_238|            0.629247|             0.956390|           0.006839|         1.592476
274  |*i_0_0_239|            1.000930|            23.978254|           0.008181|        24.987366
275  |*i_0_0_240|            0.629247|             0.956390|           0.006839|         1.592476
276  |*i_0_0_241|            0.998108|            24.752516|           0.008181|        25.758806
277  |*i_0_0_242|            0.629247|             0.956390|           0.006839|         1.592476
278  |*i_0_0_243|            1.033170|            14.611386|           0.008181|        15.652737
279  |*i_0_0_244|            0.629247|             0.956390|           0.006839|         1.592476
280  |*i_0_0_245|            0.999957|            24.185301|           0.008181|        25.193438
281  |*i_0_0_246|            0.629247|             0.956390|           0.006839|         1.592476
282  |*i_0_0_247|            0.994301|            25.812059|           0.008181|        26.814545
283  |*i_0_0_248|            0.629247|             0.956390|           0.006839|         1.592476
284  |*i_0_0_249|            1.023175|            17.465696|           0.008181|        18.497053
285  |*i_0_0_250|            0.629247|             0.956390|           0.006839|         1.592476
286  |*i_0_0_251|            1.005369|            22.608253|           0.008181|        23.621803
287  |*i_0_0_252|            0.629247|             0.956390|           0.006839|         1.592476
288  |*i_0_0_253|            1.005218|            22.650599|           0.008181|        23.663998
289  |*i_0_0_254|            0.629247|             0.956390|           0.006839|         1.592476
290  |*i_0_0_255|            1.016351|            19.432280|           0.008181|        20.456814
291  |*i_0_0_256|            0.629247|             0.956390|           0.006839|         1.592476
292  |*i_0_0_257|            1.018558|            18.793962|           0.008181|        19.820702
293  |*i_0_0_258|            0.629247|             0.956390|           0.006839|         1.592476
294  |*i_0_0_259|            1.026075|            16.621424|           0.008181|        17.655680
295  |*i_0_0_260|            0.627971|             0.956390|           0.006839|         1.591200
296  |*i_0_0_261|            1.050574|            20.663855|           0.007821|        21.722250
297  |*i_0_0_262|            0.333254|             1.375577|           0.002775|         1.711607
298  |*i_0_0_263|            0.655050|             5.927351|           0.006839|         6.589241
299  |*i_0_0_264|            0.502558|             0.954908|           0.005012|         1.462479
300  |*i_0_0_265|            0.638747|             1.826115|           0.006839|         2.471702
301  |*i_0_0_266|            0.502557|             0.954907|           0.005012|         1.462476
302  |*i_0_0_267|            0.638749|             1.826120|           0.006839|         2.471707
303  |*i_0_0_268|            0.502556|             0.954904|           0.005012|         1.462472
304  |*i_0_0_269|            0.638751|             1.826127|           0.006839|         2.471717
305  |*i_0_0_270|            0.502553|             0.954899|           0.005012|         1.462464
306  |*i_0_0_271|            0.638755|             1.826140|           0.006839|         2.471734
307  |*i_0_0_272|            0.502549|             0.954889|           0.005012|         1.462451
308  |*i_0_0_273|            0.638762|             1.826164|           0.006839|         2.471765
309  |*i_0_0_274|            0.502541|             0.954873|           0.005012|         1.462427
310  |*i_0_0_275|            0.638775|             1.826205|           0.006839|         2.471819
311  |*i_0_0_276|            0.502527|             0.954844|           0.005012|         1.462384
312  |*i_0_0_277|            0.638797|             1.826279|           0.006839|         2.471916
313  |*i_0_0_278|            0.502503|             0.954792|           0.005012|         1.462307
314  |*i_0_0_279|            0.638837|             1.826411|           0.006839|         2.472087
315  |*i_0_0_280|            0.502459|             0.954700|           0.005012|         1.462171
316  |*i_0_0_281|            0.638908|             1.826644|           0.006839|         2.472391
317  |*i_0_0_282|            0.502381|             0.954535|           0.005012|         1.461929
318  |*i_0_0_283|            0.639033|             1.827056|           0.006839|         2.472929
319  |*i_0_0_284|            0.502241|             0.954241|           0.005012|         1.461495
320  |*i_0_0_285|            0.639253|             1.827784|           0.006839|         2.473876
321  |*i_0_0_286|            0.501530|             0.953713|           0.005012|         1.460255
322  |*i_0_0_287|            0.854405|             1.848544|           0.008128|         2.711077
323  |*i_0_0_288|            0.789749|             1.927804|           0.008593|         2.726145
324  |*i_0_0_289|            0.385415|             2.187148|           0.005012|         2.577575
325  |*i_0_0_290|            0.785768|             1.817327|           0.008593|         2.611688
326  |*i_0_0_291|            0.254685|             0.742491|           0.002775|         0.999951
327  |*i_0_0_292|            0.368707|             4.859309|           0.005012|         5.233028
328  |*i_0_0_293|            0.388748|             1.391969|           0.005012|         1.785730
329  |*i_0_0_294|            0.388748|             1.391969|           0.005012|         1.785730
330  |*i_0_0_295|            0.388748|             1.391969|           0.005012|         1.785730
331  |*i_0_0_296|            0.388748|             1.391969|           0.005012|         1.785730
332  |*i_0_0_297|            0.388748|             1.391969|           0.005012|         1.785730
333  |*i_0_0_298|            0.388748|             1.391969|           0.005012|         1.785730
334  |*i_0_0_299|            0.388748|             1.391969|           0.005012|         1.785730
335  |*i_0_0_300|            0.388748|             1.391969|           0.005012|         1.785730
336  |*i_0_0_301|            0.388748|             1.391969|           0.005012|         1.785730
337  |*i_0_0_302|            0.388748|             1.391969|           0.005012|         1.785730
338  |*i_0_0_303|            0.388748|             1.391969|           0.005012|         1.785730
339  |*i_0_0_304|            0.376319|             1.391969|           0.005012|         1.773300
340  |*i_0_0_305|            0.792669|             0.880363|           0.008128|         1.681159
341  |*i_0_0_306|            0.345353|             4.216983|           0.002775|         4.565112
342  |*i_0_0_307|            0.346468|             2.092753|           0.002775|         2.441997
343  |*i_0_0_308|            0.340303|             1.852405|           0.002775|         2.195483
344  |*i_0_0_309|            0.337382|             1.548485|           0.002775|         1.888643
345  |*i_0_0_310|            0.340303|             1.852405|           0.002775|         2.195483
346  |*i_0_0_311|            0.335763|             1.464506|           0.002775|         1.803045
347  |*i_0_0_312|            0.341858|             3.050741|           0.002775|         3.395375
348  |*i_0_0_313|            0.340303|             1.852405|           0.002775|         2.195483
349  |*i_0_0_314|            0.335763|             1.464506|           0.002775|         1.803045
350  |          |                    |                     |                   |                 
351  |*TOTAL    |         2720.733154|          8551.250977|          25.334257|     11297.319336
-----+----------+--------------------+---------------------+-------------------+-----------------
